Seats,CRN,SUBJ,CRSE,TITLE,CR HRS,XLST CAP,ENR,LINK,XLST GROUP,SCHED TYPE,,CAMPUS,INSM,PRINT?,TIME,DAYS,BLDG,ROOM,OVERRIDE,INSTRUCTOR,,OVERALL CAP,OVERALL ENR,,,PTRM START,PTRM END,WL CAP,WL,WL REMAIN,NOTES,COMMENTS,COLL
"15","32510","CS","112","INFO LIT FORMER ENGN MAJORS","1","25","10","","SC201","A","I","B","ASYN","Y","HOURS ARR","","WEB2","","","GUPTA,REKHA","","25","10","1","ASYN","16-MAY-22","25-JUN-22","0","0","0"
"15","32511","CS","112","INFO LIT FORMER ENGN MAJORS","1","25","0","","SC201","A","I","E","ASYN","Y","HOURS ARR","","WEB5","","","GUPTA,REKHA","","25","10","1","ASYN","16-MAY-22","25-JUN-22","0","0","0"
"15","32512","CS","112","INFO LIT FORMER ENGN MAJORS","1","25","0","","SC201","A","I","H","ASYN","Y","HOURS ARR","","WEB7","","","GUPTA,REKHA","","25","10","1","ASYN","16-MAY-22","25-JUN-22","0","0","0"
"15","33045","CS","112","INFO LIT FORMER ENGN MAJORS","1","25","0","","SC201","A","I","V","ASYN","Y","HOURS ARR","","WEB8","","","GUPTA,REKHA","","25","10","1","ASYN","16-MAY-22","25-JUN-22","0","0","0"
"17","31695","CS","120G","INTRO INFO LITERACY & RSCH (A)","3","30","8","A1","SC167","30","I","B","ASYN","Y","HOURS ARR","","WEB2","","","GUPTA,REKHA","","30","13","1","ASYN","16-MAY-22","25-JUN-22","0","0","0","LECTURE.  STUDENT MUST ALSO REGISTER FOR RECITATION "
"17","31696","CS","120G","INTRO INFO LITERACY & RSCH (A)","3","30","4","B1","SC167","30","I","E","ASYN","Y","HOURS ARR","","WEB5","","","GUPTA,REKHA","","30","13","1","ASYN","16-MAY-22","25-JUN-22","0","0","0","LECTURE.  STUDENT MUST ALSO REGISTER FOR RECITATION "
"17","31697","CS","120G","INTRO INFO LITERACY & RSCH (A)","3","30","1","C1","SC167","30","I","H","ASYN","Y","HOURS ARR","","WEB7","","","GUPTA,REKHA","","30","13","1","ASYN","16-MAY-22","25-JUN-22","0","0","0","LECTURE.  STUDENT MUST ALSO REGISTER FOR RECITATION "
"17","31698","CS","120G","INTR INFO LITERCY&RSCH REC (A)","0","30","8","A3","SC170","C","I","B","SYNC","Y"," 600- 650PM","M","WC2","","","GUPTA,REKHA","","30","13","1","SYNC","16-MAY-22","25-JUN-22","0","0","0","RECITATION "
"17","31699","CS","120G","INTR INFO LITERCY&RSCH REC (A)","0","30","4","B3","SC170","C","I","E","SYNC","Y"," 600- 650PM","M","WC5","","O","GUPTA,REKHA","","30","13","1","SYNC","16-MAY-22","25-JUN-22","0","0","0","RECITATION "
"17","31700","CS","120G","INTR INFO LITERCY&RSCH REC (A)","0","30","1","C3","SC170","C","I","H","SYNC","Y"," 600- 650PM","M","WC7","","O","GUPTA,REKHA","","30","13","1","SYNC","16-MAY-22","25-JUN-22","0","0","0","RECITATION "
"21","31701","CS","120G","INTRO INFO LITERACY & RSCH (B)","3","30","6","L1","SC172","30","I","B","ASYN","Y","HOURS ARR","","WEB2","","","GUPTA,REKHA","","30","9","2","ASYN","27-JUN-22","06-AUG-22","0","0","0","LECTURE.  STUDENT MUST ALSO REGISTER FOR RECITATION "
"21","31702","CS","120G","INTRO INFO LITERACY & RSCH (B)","3","30","3","M1","SC172","30","I","E","ASYN","Y","HOURS ARR","","WEB5","","","GUPTA,REKHA","","30","9","2","ASYN","27-JUN-22","06-AUG-22","0","0","0","LECTURE.  STUDENT MUST ALSO REGISTER FOR RECITATION "
"21","31703","CS","120G","INTRO INFO LITERACY & RSCH (B)","3","30","0","N1","SC172","30","I","H","ASYN","Y","HOURS ARR","","WEB7","","","GUPTA,REKHA","","30","9","2","ASYN","27-JUN-22","06-AUG-22","0","0","0","LECTURE.  STUDENT MUST ALSO REGISTER FOR RECITATION "
"21","31704","CS","120G","INTR INFO LITERCY&RSCH REC (B)","0","30","6","L3","SC182","C","I","B","SYNC","Y"," 600- 650PM","M","WC2","","","GUPTA,REKHA","","30","9","2","SYNC","27-JUN-22","06-AUG-22","0","0","0","RECITATION "
"21","31705","CS","120G","INTR INFO LITERCY&RSCH REC (B)","0","30","3","M3","SC182","C","I","E","SYNC","Y"," 600- 650PM","M","WC5","","O","GUPTA,REKHA","","30","9","2","SYNC","27-JUN-22","06-AUG-22","0","0","0","RECITATION "
"21","31706","CS","120G","INTRO INFO LITERACY & RESEARCH","0","30","0","N3","SC182","C","I","H","SYNC","Y"," 600- 650PM","M","WC7","","O","GUPTA,REKHA","","30","9","2","SYNC","27-JUN-22","06-AUG-22","0","0","0","RECITATION "
"17","33050","CS","120G","INTRO INFO LITERACY & RSCH (A)","3","30","0","D1","SC167","30","I","V","ASYN","Y","HOURS ARR","","WEB8","","","GUPTA,REKHA","","30","13","1","ASYN","16-MAY-22","25-JUN-22","0","0","0"
"17","33051","CS","120G","INTR INFO LITERCY&RSCH REC (A)","0","30","0","D3","SC170","C","I","V","SYNC","Y"," 600- 650PM","M","WC8","","O","GUPTA,REKHA","","30","13","1","SYNC","16-MAY-22","25-JUN-22","0","0","0"
"21","33052","CS","120G","INTRO INFO LITERACY & RSCH (B)","3","30","0","P1","SC172","30","I","V","ASYN","Y","HOURS ARR","","WEB8","","","GUPTA,REKHA","","30","9","2","ASYN","27-JUN-22","06-AUG-22","0","0","0"
"21","33053","CS","120G","INTR INFO LITERCY&RSCH REC (B)","0","30","0","P3","SC182","C","I","V","SYNC","Y"," 600- 650PM","M","WC8","","O","GUPTA,REKHA","","30","9","2","SYNC","27-JUN-22","06-AUG-22","0","0","0"
"5","32267","CS","121G","INTR INFO LIT/RSCH FOR SCI (D)","3","30","15","A1","SC208","30","I","B","ASYN","Y","HOURS ARR","","WEB2","","","GUPTA,AJAY","","30","25","1","ASYN","16-MAY-22","25-JUN-22","0","0","0","LECTURE.  STUDENT MUST ALSO REGISTER FOR RECITATION "
"5","32268","CS","121G","INTR INFO LIT/RSCH FOR SCI (D)","3","30","9","B1","SC208","30","I","E","ASYN","Y","HOURS ARR","","WEB5","","","GUPTA,AJAY","","30","25","1","ASYN","16-MAY-22","25-JUN-22","0","0","0","LECTURE.  STUDENT MUST ALSO REGISTER FOR RECITATION "
"5","32269","CS","121G","INTR INFO LIT/RSCH FOR SCI (D)","3","30","0","C1","SC208","30","I","H","ASYN","Y","HOURS ARR","","WEB7","","","GUPTA,AJAY","","30","25","1","ASYN","16-MAY-22","25-JUN-22","0","0","0","LECTURE.  STUDENT MUST ALSO REGISTER FOR RECITATION "
"5","32270","CS","121G","INTR INFO LIT/RSCH SCI REC (D)","0","30","15","A3","SC191","C","I","B","SYNC","Y"," 600- 650PM","M","WC2","","","GUPTA,AJAY","","30","25","1","SYNC","16-MAY-22","25-JUN-22","0","0","0","RECITATION "
"5","32271","CS","121G","INTR INFO LIT/RSCH SCI REC (D)","0","30","9","B3","SC191","C","I","E","SYNC","Y"," 600- 650PM","M","WC5","","O","GUPTA,AJAY","","30","25","1","SYNC","16-MAY-22","25-JUN-22","0","0","0","RECITATION "
"5","32272","CS","121G","INTR INFO LIT/RSCH SCI REC (D)","0","30","0","C3","SC191","C","I","H","SYNC","Y"," 600- 650PM","M","WC7","","O","GUPTA,AJAY","","30","25","1","SYNC","16-MAY-22","25-JUN-22","0","0","0","RECITATION "
"14","32273","CS","121G","INTR INFO LIT/RSCH FOR SCI (C)","3","30","11","D1","SC183","30","I","B","ASYN","Y","HOURS ARR","","WEB2","","","GUPTA,AJAY","","30","16","2","ASYN","27-JUN-22","06-AUG-22","0","0","0","LECTURE.  STUDENT MUST ALSO REGISTER FOR RECITATION "
"14","32274","CS","121G","INTR INFO LIT/RSCH FOR SCI (C)","3","30","4","E1","SC183","30","I","E","ASYN","Y","HOURS ARR","","WEB5","","","GUPTA,AJAY","","30","16","2","ASYN","27-JUN-22","06-AUG-22","0","0","0","LECTURE.  STUDENT MUST ALSO REGISTER FOR RECITATION "
"14","32275","CS","121G","INTR INFO LIT/RSCH FOR SCI (C)","3","30","1","F1","SC183","30","I","H","ASYN","Y","HOURS ARR","","WEB7","","","GUPTA,AJAY","","30","16","2","ASYN","27-JUN-22","06-AUG-22","0","0","0","LECTURE.  STUDENT MUST ALSO REGISTER FOR RECITATION "
"14","32276","CS","121G","INTR INFO LIT/RSCH SCI REC (C)","0","30","11","D3","SC192","C","I","B","SYNC","Y"," 600- 650PM","M","WC2","","","GUPTA,AJAY","","30","16","2","SYNC","27-JUN-22","06-AUG-22","0","0","0","RECITATION "
"14","32277","CS","121G","INTR INFO LIT/RSCH SCI REC (C)","0","30","4","E3","SC192","C","I","E","SYNC","Y"," 600- 650PM","M","WC5","","O","GUPTA,AJAY","","30","16","2","SYNC","27-JUN-22","06-AUG-22","0","0","0","RECITATION "
"14","32278","CS","121G","INTR INFO LIT/RSCH SCI REC (C)","0","30","1","F3","SC192","C","I","H","SYNC","Y"," 600- 650PM","M","WC7","","O","GUPTA,AJAY","","30","16","2","SYNC","27-JUN-22","06-AUG-22","0","0","0","RECITATION "
"5","33054","CS","121G","INTR INFO LIT/RSCH FOR SCI (D)","3","30","1","B1","SC208","30","I","V","ASYN","Y","HOURS ARR","","WEB8","","","GUPTA,AJAY","","30","25","1","ASYN","16-MAY-22","25-JUN-22","0","0","0"
"5","33055","CS","121G","INTR INFO LIT/RSCH SCI REC (D)","0","30","1","B3","SC191","C","I","V","SYNC","Y"," 600- 650PM","M","WC8","","O","GUPTA,AJAY","","30","25","1","SYNC","16-MAY-22","25-JUN-22","0","0","0"
"14","33056","CS","121G","INTR INFO LIT/RSCH FOR SCI (C)","3","30","0","E1","SC183","30","I","V","ASYN","Y","HOURS ARR","","WEB8","","","GUPTA,AJAY","","30","16","2","ASYN","27-JUN-22","06-AUG-22","0","0","0"
"14","33057","CS","121G","INTR INFO LIT/RSCH SCI REC (C)","0","30","0","E3","SC192","C","I","V","SYNC","Y"," 600- 650PM","M","WC8","","O","GUPTA,AJAY","","30","16","2","SYNC","27-JUN-22","06-AUG-22","0","0","0"
"13","34886","CS","150","PROBLEM SOLVING & PRGMNG I","0","40","14","M2","SC011","31","I","B","SYNC","Y"," 420- 700PM","W","WC2","","","IBRAHIM,SOAD","","40","27","3","SYNC","16-MAY-22","05-AUG-22","0","0","0"
"13","34887","CS","150","PROBLEM SOLVING & PRGMNG I","0","40","12","N2","SC011","31","I","E","SYNC","Y"," 420- 700PM","W","WC5","","O","IBRAHIM,SOAD","","40","27","3","SYNC","16-MAY-22","05-AUG-22","0","0","0"
"13","34888","CS","150","PROBLEM SOLVING & PRGMNG I","0","40","1","L2","SC011","31","I","H","SYNC","Y"," 420- 700PM","W","WC7","","O","IBRAHIM,SOAD","","40","27","3","SYNC","16-MAY-22","05-AUG-22","0","0","0"
"10","34889","CS","150","PROBLEM SOLVING & PRGMNG I","0","10","0","P2","SC011","31","I","V","SYNC","Y"," 420- 700PM","W","WC8","","O","IBRAHIM,SOAD","","40","27","3","SYNC","16-MAY-22","05-AUG-22","0","0","0"
"13","34890","CS","150","PROBLEM SOLVING & PRGMNG I","0","40","14","M3","SC012","C","I","B","SYNC","Y"," 710- 800PM","W","WC2","","O","IBRAHIM,SOAD","","40","27","3","SYNC","16-MAY-22","05-AUG-22","0","0","0"
"13","34891","CS","150","PROBLEM SOLVING & PRGMNG I","0","40","12","N3","SC012","C","I","E","SYNC","Y"," 710- 800PM","W","WC5","","O","IBRAHIM,SOAD","","40","27","3","SYNC","16-MAY-22","05-AUG-22","0","0","0"
"13","34892","CS","150","PROBLEM SOLVING & PRGMNG I","0","40","1","L3","SC012","C","I","H","SYNC","Y"," 710- 800PM","W","WC7","","O","IBRAHIM,SOAD","","40","27","3","SYNC","16-MAY-22","05-AUG-22","0","0","0"
"10","34893","CS","150","PROBLEM SOLVING & PRGMNG I","0","10","0","P3","SC012","C","I","V","SYNC","Y"," 710- 800PM","W","WC8","","O","IBRAHIM,SOAD","","40","27","3","SYNC","16-MAY-22","05-AUG-22","0","0","0"
"13","34894","CS","150","PROBLEM SOLVING & PRGMNG I","4","40","14","M1","SC013","A","I","B","ASYN","Y","HOURS ARR","","WEB2","","","IBRAHIM,SOAD","","40","27","3","ASYN","16-MAY-22","05-AUG-22","0","0","0"
"13","34895","CS","150","PROBLEM SOLVING & PRGMNG I","4","40","12","N1","SC013","A","I","E","ASYN","Y","HOURS ARR","","WEB5","","","IBRAHIM,SOAD","","40","27","3","ASYN","16-MAY-22","05-AUG-22","0","0","0"
"13","34896","CS","150","PROBLEM SOLVING & PRGMNG I","4","40","1","L1","SC013","A","I","H","ASYN","Y","HOURS ARR","","WEB7","","","IBRAHIM,SOAD","","40","27","3","ASYN","16-MAY-22","05-AUG-22","0","0","0"
"10","34897","CS","150","PROBLEM SOLVING & PRGMNG I","4","10","0","P1","SC013","A","I","V","ASYN","Y","HOURS ARR","","WEB8","","","IBRAHIM,SOAD","","40","27","3","ASYN","16-MAY-22","05-AUG-22","0","0","0"
"14","36819","CS","150","PROBLEM SOLVING & PRGMNG I","4","30","16","X1","","A","I","B","ASYN","N","HOURS ARR","","WEB2","","","IBRAHIM,SOAD","","","16","1","ASYN","16-MAY-22","25-JUN-22","0","0","0"
"14","36820","CS","150","PROBLEM SOLVING & PRGMNG I","0","30","16","X2","","31","I","B","SYNC","N"," 600- 800PM","R","WC2","","","IBRAHIM,SOAD","","","16","1","SYNC","16-MAY-22","25-JUN-22","0","0","0"
"14","36821","CS","150","PROBLEM SOLVING & PRGMNG I","0","30","16","X3","","C","I","B","SYNC","N"," 600- 650PM","T","WC2","","","IBRAHIM,SOAD","","","16","1","SYNC","16-MAY-22","25-JUN-22","0","0","0"
"11","35921","CS","170","INTRO COMPUTER ARCHITECTURE I","3","30","5","","SC247","A","I","B","ASYN","Y","HOURS ARR","","WEB2","","","IBRAHIM,SOAD","","30","19","3","ASYN","16-MAY-22","05-AUG-22","30","0","30"
"11","35922","CS","170","INTRO COMPUTER ARCHITECTURE I","3","30","13","","SC247","A","I","E","ASYN","Y","HOURS ARR","","WEB5","","","IBRAHIM,SOAD","","30","19","3","ASYN","16-MAY-22","05-AUG-22","30","0","30"
"11","35923","CS","170","INTRO COMPUTER ARCHITECTURE I","3","30","1","","SC247","A","I","H","ASYN","Y","HOURS ARR","","WEB7","","","IBRAHIM,SOAD","","30","19","3","ASYN","16-MAY-22","05-AUG-22","30","0","30"
"14","33465","CS","250","PROBLEM SOLVING & PROGRMNG II","4","40","15","Q1","SC187","A","I","B","ASYN","Y","HOURS ARR","","WEB2","","","EL MESALAMI,AYMAN","","40","26","3","ASYN","16-MAY-22","05-AUG-22","0","0","0"
"14","33466","CS","250","PROBLEM SOLVING & PROGRMNG II","4","40","8","S1","SC187","A","I","E","ASYN","Y","HOURS ARR","","WEB5","","","EL MESALAMI,AYMAN","","40","26","3","ASYN","16-MAY-22","05-AUG-22","0","0","0"
"14","33467","CS","250","PROBLEM SOLVING & PROGRMNG II","4","40","1","U1","SC187","A","I","H","ASYN","Y","HOURS ARR","","WEB7","","","EL MESALAMI,AYMAN","","40","26","3","ASYN","16-MAY-22","05-AUG-22","0","0","0"
"14","33468","CS","250","PROBLEM SOLVING & PROGRMNG II","4","40","0","V1","SC187","A","I","V","ASYN","Y","HOURS ARR","","WEB8","","","EL MESALAMI,AYMAN","","40","26","3","ASYN","16-MAY-22","05-AUG-22","0","0","0"
"23","33469","CS","250","PROB SOLVING & PROGRMNG II LAB","0","40","10","Q2","SC202","B","I","B","SYNC","Y","1000-1230PM","T","WC2","","","EL MESALAMI,AYMAN","","40","17","3","SYNC","16-MAY-22","05-AUG-22","0","0","0"
"23","33481","CS","250","PROB SOLVING & PROGRMNG II LAB","0","40","6","S2","SC202","B","I","E","SYNC","Y","1000-1230PM","T","WC5","","O","EL MESALAMI,AYMAN","","40","17","3","SYNC","16-MAY-22","05-AUG-22","0","0","0"
"23","33482","CS","250","PROB SOLVING & PROGRMNG II LAB","0","40","1","U2","SC202","B","I","H","SYNC","Y","1000-1230PM","T","WC7","","O","EL MESALAMI,AYMAN","","40","17","3","SYNC","16-MAY-22","05-AUG-22","0","0","0"
"22","33483","CS","250","PROB SOLVING & PROGRMNG II REC","0","40","11","Q3","SC203","C","I","B","SYNC","Y","1245- 135PM","T","WC2","","","EL MESALAMI,AYMAN","","40","18","3","SYNC","16-MAY-22","05-AUG-22","0","0","0"
"22","33484","CS","250","PROB SOLVING & PROGRMNG II REC","0","40","6","S3","SC203","C","I","E","SYNC","Y","1245- 135PM","T","WC5","","O","EL MESALAMI,AYMAN","","40","18","3","SYNC","16-MAY-22","05-AUG-22","0","0","0"
"22","33485","CS","250","PROB SOLVING & PROGRMNG II REC","0","40","1","U3","SC203","C","I","H","SYNC","Y","1245- 135PM","T","WC7","","O","EL MESALAMI,AYMAN","","40","18","3","SYNC","16-MAY-22","05-AUG-22","0","0","0"
"22","33486","CS","250","PROB SOLVING & PROGRMNG II REC","0","40","0","V3","SC203","C","I","V","SYNC","Y","1245- 135PM","T","WC8","","O","EL MESALAMI,AYMAN","","40","18","3","SYNC","16-MAY-22","05-AUG-22","0","0","0"
"23","33492","CS","250","PROB SOLVING & PROGRMNG II LAB","0","40","0","V2","SC202","B","I","V","SYNC","Y","1000-1230PM","T","WC8","","O","EL MESALAMI,AYMAN","","40","17","3","SYNC","16-MAY-22","05-AUG-22","0","0","0"
"14","35144","CS","250","PROBLEM SOLVING & PROGRMNG II","4","40","2","Q1","SC187","A","I","B","ASYN","Y","HOURS ARR","","WEB2","","","EL MESALAMI,AYMAN","","40","26","3","ASYN","16-MAY-22","05-AUG-22","0","0","0"
"14","35145","CS","250","PROBLEM SOLVING & PROGRMNG II","4","40","0","S1","SC187","A","I","E","ASYN","Y","HOURS ARR","","WEB5","","","EL MESALAMI,AYMAN","","40","26","3","ASYN","16-MAY-22","05-AUG-22","0","0","0"
"14","35146","CS","250","PROBLEM SOLVING & PROGRMNG II","4","40","0","U1","SC187","A","I","H","ASYN","Y","HOURS ARR","","WEB7","","","EL MESALAMI,AYMAN","","40","26","3","ASYN","16-MAY-22","05-AUG-22","0","0","0"
"31","35147","CS","250","PROBLEM SOLVING & PROGRMNG II","0","40","7","Q2","SC015","B","I","B","SYNC","Y","1000-1230PM","W","WC2","","O","EL MESALAMI,AYMAN","","40","9","3","SYNC","16-MAY-22","05-AUG-22","0","0","0"
"31","35148","CS","250","PROBLEM SOLVING & PROGRMNG II","0","40","2","S2","SC015","B","I","E","SYNC","Y","1000-1230PM","W","WC5","","O","EL MESALAMI,AYMAN","","40","9","3","SYNC","16-MAY-22","05-AUG-22","0","0","0"
"31","35149","CS","250","PROBLEM SOLVING & PROGRMNG II","0","40","0","U2","SC015","B","I","H","SYNC","Y","1000-1230PM","W","WC7","","O","EL MESALAMI,AYMAN","","40","9","3","SYNC","16-MAY-22","05-AUG-22","0","0","0"
"32","35150","CS","250","PROBLEM SOLVING & PROGRMNG II","0","40","6","Q3","SC016","C","I","B","SYNC","Y","1245- 135PM","W","WC2","","O","EL MESALAMI,AYMAN","","40","8","3","SYNC","16-MAY-22","05-AUG-22","0","0","0"
"32","35151","CS","250","PROBLEM SOLVING & PROGRMNG II","0","40","2","S3","SC016","C","I","E","SYNC","Y","1245- 135PM","W","WC5","","O","EL MESALAMI,AYMAN","","40","8","3","SYNC","16-MAY-22","05-AUG-22","0","0","0"
"32","35152","CS","250","PROBLEM SOLVING & PROGRMNG II","0","40","0","U3","SC016","C","I","H","SYNC","Y","1245- 135PM","W","WC7","","O","EL MESALAMI,AYMAN","","40","8","3","SYNC","16-MAY-22","05-AUG-22","0","0","0"
"8","31727","CS","252","INTRO TO UNIX FOR PROGRAMMERS","1","60","31","","SC186","A","I","B","ASYN","Y","HOURS ARR","","WEB2","","","ZEIL,STEVEN","","60","52","3","ASYN","16-MAY-22","05-AUG-22","0","0","0"
"8","31728","CS","252","INTRO TO UNIX FOR PROGRAMMERS","1","60","20","","SC186","A","I","E","ASYN","Y","HOURS ARR","","WEB5","","","ZEIL,STEVEN","","60","52","3","ASYN","16-MAY-22","05-AUG-22","0","0","0"
"8","31729","CS","252","INTRO TO UNIX FOR PROGRAMMERS","1","60","1","","SC186","A","I","H","ASYN","Y","HOURS ARR","","WEB7","","","ZEIL,STEVEN","","60","52","3","ASYN","16-MAY-22","05-AUG-22","0","0","0"
"8","33046","CS","252","INTRO TO UNIX FOR PROGRAMMERS","1","60","0","","SC186","A","I","V","ASYN","Y","HOURS ARR","","WEB8","","","ZEIL,STEVEN","","60","52","3","ASYN","16-MAY-22","05-AUG-22","0","0","0"
"9","35545","CS","270","INTRO COMPUTER ARCHITECTURE II","3","30","7","","SC060","A","I","B","ASYN","Y","HOURS ARR","","WEB2","","","ZEHRA,SUSAN","","30","21","1","ASYN","16-MAY-22","25-JUN-22","0","0","0"
"9","35546","CS","270","INTRO COMPUTER ARCHITECTURE II","3","30","12","","SC060","A","I","E","ASYN","Y","HOURS ARR","","WEB5","","","ZEHRA,SUSAN","","30","21","1","ASYN","16-MAY-22","25-JUN-22","0","0","0"
"9","35547","CS","270","INTRO COMPUTER ARCHITECTURE II","3","30","2","","SC060","A","I","H","ASYN","Y","HOURS ARR","","WEB7","","","ZEHRA,SUSAN","","30","21","1","ASYN","16-MAY-22","25-JUN-22","0","0","0"
"14","36934","CS","330","OBJECT ORIENT PROGRAM/DESIGN","3","20","6","","SC218","A","I","B","ASYN","Y","HOURS ARR","","WEB2","","","POURSARDAR,FARYANEH","","30","15","3","ASYN","16-MAY-22","05-AUG-22","0","0","0"
"12","36935","CS","330","OBJECT ORIENT PROGRAM/DESIGN","3","20","8","","SC218","A","I","E","ASYN","Y","HOURS ARR","","WEB5","","","POURSARDAR,FARYANEH","","30","15","3","ASYN","16-MAY-22","05-AUG-22","0","0","0"
"9","36936","CS","330","OBJECT ORIENT PROGRAM/DESIGN","3","10","1","","SC218","A","I","H","ASYN","Y","HOURS ARR","","WEB7","","","POURSARDAR,FARYANEH","","30","15","3","ASYN","16-MAY-22","05-AUG-22","0","0","0"
"0","31707","CS","350","INTR TO SOFTWARE ENGINEERING","3","30","14","A1","SC193","A","I","B","ASYN","Y","HOURS ARR","","WEB2","","","KENNEDY,THOMAS","","30","30","3","ASYN","16-MAY-22","05-AUG-22","0","0","0"
"0","31708","CS","350","INTR TO SOFTWARE ENGINEERING","3","30","15","B1","SC193","A","I","E","ASYN","Y","HOURS ARR","","WEB5","","","KENNEDY,THOMAS","","30","30","3","ASYN","16-MAY-22","05-AUG-22","0","0","0"
"0","31709","CS","350","INTR TO SOFTWARE ENGINEERING","3","30","0","C1","SC193","A","I","H","ASYN","Y","HOURS ARR","","WEB7","","","KENNEDY,THOMAS","","30","30","3","ASYN","16-MAY-22","05-AUG-22","0","0","0"
"2","31710","CS","350","INTR TO SOFTWARE ENGIN REC","0","24","14","A3","SC184","C","I","B","SYNC","Y"," 350- 550PM","R","WC2","","","KENNEDY,THOMAS","","30","28","3","SYNC","16-MAY-22","05-AUG-22","25","0","25"
"2","31711","CS","350","INTR TO SOFTWARE ENGIN REC","0","24","14","B3","SC184","C","I","E","SYNC","Y"," 350- 550PM","R","WC5","","O","KENNEDY,THOMAS","","30","28","3","SYNC","16-MAY-22","05-AUG-22","25","0","25"
"2","31712","CS","350","INTR TO SOFTWARE ENGIN REC","0","24","0","C3","SC184","C","I","H","SYNC","Y"," 350- 550PM","R","WC7","","O","KENNEDY,THOMAS","","30","28","3","SYNC","16-MAY-22","05-AUG-22","25","0","25"
"0","32996","CS","350","INTR TO SOFTWARE ENGINEERING","3","30","1","D1","SC193","A","I","V","ASYN","Y","HOURS ARR","","WEB8","","","KENNEDY,THOMAS","","30","30","3","ASYN","16-MAY-22","05-AUG-22","0","0","0"
"2","32997","CS","350","INTR TO SOFTWARE ENGIN REC","0","24","0","D3","SC184","C","I","V","SYNC","Y"," 350- 530PM","R","WC8","","O","KENNEDY,THOMAS","","30","28","3","SYNC","16-MAY-22","05-AUG-22","0","0","0"
"0","35014","CS","350","INTRO TO SOFTWARE ENGIN REC","0","24","18","A3","SC017","C","I","B","SYNC","Y"," 350- 550PM","T","WC2","","O","KENNEDY,THOMAS","","30","30","3","SYNC","16-MAY-22","05-AUG-22","25","0","25"
"0","35015","CS","350","INTRO TO SOFTWARE ENGIN REC","0","24","10","B3","SC017","C","I","E","SYNC","Y"," 350- 550PM","T","WC5","","O","KENNEDY,THOMAS","","30","30","3","SYNC","16-MAY-22","05-AUG-22","25","0","25"
"0","35016","CS","350","INTRO TO SOFTWARE ENGIN REC","0","24","1","C3","SC017","C","I","H","SYNC","Y"," 350- 550PM","T","WC7","","O","KENNEDY,THOMAS","","30","30","3","SYNC","16-MAY-22","05-AUG-22","10","0","10"
"0","35017","CS","350","INTRO TO SOFTWARE ENGIN REC","0","24","1","D3","SC017","C","I","V","SYNC","Y"," 350- 550PM","T","WC8","","O","KENNEDY,THOMAS","","30","30","3","SYNC","16-MAY-22","05-AUG-22","5","0","5"
"2","36861","CS","350","INTRO TO SOFTWARE ENGINEERING","3","30","18","A1","SC123","A","I","B","ASYN","Y","HOURS ARR","","WEB2","","","KENNEDY,THOMAS","","30","28","3","ASYN","16-MAY-22","05-AUG-22","0","0","0"
"2","36862","CS","350","INTRO TO SOFTWARE ENGINEERING","3","30","9","B1","SC123","A","I","E","ASYN","Y","HOURS ARR","","WEB5","","","KENNEDY,THOMAS","","30","28","3","ASYN","16-MAY-22","05-AUG-22","0","0","0"
"2","36863","CS","350","INTRO TO SOFTWARE ENGINEERING","3","30","1","C1","SC123","A","I","H","ASYN","Y","HOURS ARR","","WEB7","","","KENNEDY,THOMAS","","30","28","3","ASYN","16-MAY-22","05-AUG-22","0","0","0"
"2","36864","CS","350","INTRO TO SOFTWARE ENGINEERING","3","30","0","D1","SC123","A","I","V","ASYN","Y","HOURS ARR","","WEB8","","","KENNEDY,THOMAS","","30","28","3","ASYN","16-MAY-22","05-AUG-22","0","0","0"
"4","30096","CS","355","PRINCIP-PROGRAMMING LANGUAGES","3","35","13","","SC207","A","I","B","ASYN","Y","HOURS ARR","","WEB2","","","MORRIS,JAY","","40","36","1","ASYN","16-MAY-22","25-JUN-22","0","0","0"
"4","32571","CS","355","PRINCIP-PROGRAMMING LANGUAGES","3","35","20","","SC207","A","I","E","ASYN","Y","HOURS ARR","","WEB5","","","MORRIS,JAY","","40","36","1","ASYN","16-MAY-22","25-JUN-22","0","0","0"
"4","32572","CS","355","PRINCIP-PROGRAMMING LANGUAGES","3","35","3","","SC207","A","I","H","ASYN","Y","HOURS ARR","","WEB7","","","MORRIS,JAY","","40","36","1","ASYN","16-MAY-22","25-JUN-22","0","0","0"
"18","31932","CS","361","DATA STRUCTURES/ALGORITHMS","3","40","13","","SC188","A","I","B","ASYN","Y","HOURS ARR","","WEB2","","","ZEIL,STEVEN","","50","32","3","ASYN","16-MAY-22","05-AUG-22","10","0","10"
"18","31933","CS","361","DATA STRUCTURES/ALGORITHMS","3","40","16","","SC188","A","I","E","ASYN","Y","HOURS ARR","","WEB5","","","ZEIL,STEVEN","","50","32","3","ASYN","16-MAY-22","05-AUG-22","10","0","10"
"18","31934","CS","361","DATA STRUCTURES/ALGORITHMS","3","40","2","","SC188","A","I","H","ASYN","Y","HOURS ARR","","WEB7","","","ZEIL,STEVEN","","50","32","3","ASYN","16-MAY-22","05-AUG-22","5","0","5"
"18","33048","CS","361","DATA STRUCTURES/ALGORITHMS","3","40","1","","SC188","A","I","V","ASYN","Y","HOURS ARR","","WEB8","","","ZEIL,STEVEN","","50","32","3","ASYN","16-MAY-22","05-AUG-22","5","0","5"
"40","33333","CS","361","DATA STRUCTURES/ALGORITHMS","3","40","0","","SC189","A","I","B","ASYN","N","HOURS ARR","","WEB2","","","STAFF","","50","0","3","ASYN","16-MAY-22","05-AUG-22","0","0","0"
"40","33334","CS","361","DATA STRUCTURES/ALGORITHMS","3","40","0","","SC189","A","I","E","ASYN","N","HOURS ARR","","WEB5","","","STAFF","","50","0","3","ASYN","16-MAY-22","05-AUG-22","0","0","0"
"40","33336","CS","361","DATA STRUCTURES/ALGORITHMS","3","40","0","","SC189","A","I","H","ASYN","N","HOURS ARR","","WEB7","","","STAFF","","50","0","3","ASYN","16-MAY-22","05-AUG-22","0","0","0"
"4","30097","CS","367","COOPERATIVE EDUCATION","3","5","1","","","J","I","H","ASYN","Y","HOURS ARR","","IND7","","","BRUNELLE,JANET","IN","","1","3","ASYN","16-MAY-22","05-AUG-22","0","0","0"
"20","30098","CS","367","COOPERATIVE EDUCATION","2","20","0","","","J","","A","PRACT","Y","HOURS ARR","","TBA","TBA","","BRUNELLE,JANET","IN","","0","2","ASYN","27-JUN-22","06-AUG-22","0","0","0"
"19","30099","CS","367","COOPERATIVE EDUCATION","3","20","1","","","J","","A","PRACT","Y","HOURS ARR","","TBA","TBA","","BRUNELLE,JANET","IN","","1","2","ASYN","27-JUN-22","06-AUG-22","0","0","0"
"40","30100","CS","368","COMPUTER SCIENCE INTERNSHIP","1","40","0","","","J","","A","PRACT","Y","HOURS ARR","","TBA","TBA","","BRUNELLE,JANET","IN","","0","2","ASYN","27-JUN-22","06-AUG-22","0","0","0"
"20","30101","CS","368","COMPUTER SCIENCE INTERNSHIP","2","20","0","","","J","","A","PRACT","Y","HOURS ARR","","TBA","TBA","","BRUNELLE,JANET","IN","","0","2","ASYN","27-JUN-22","06-AUG-22","0","0","0"
"20","30102","CS","368","COMPUTER SCIENCE INTERNSHIP","3","20","0","","","J","","A","PRACT","Y","HOURS ARR","","TBA","TBA","","BRUNELLE,JANET","IN","","0","2","ASYN","27-JUN-22","06-AUG-22","0","0","0"
"2","37040","CS","368","COMPUTER SCIENCE INTERNSHIP","3","3","1","","","J","I","V","ASYN","Y","HOURS ARR","","IND8","","","BRUNELLE,JANET","IN","","1","2","ASYN","27-JUN-22","06-AUG-22","0","0","0"
"4","31660","CS","381","INTRO TO DISCRETE STRUCTURES","3","25","7","","SC059","A","I","B","ASYN","Y","HOURS ARR","","WEB2","","","EL MESALAMI,AYMAN","","25","21","3","ASYN","16-MAY-22","05-AUG-22","25","0","25"
"4","31661","CS","381","INTRO TO DISCRETE STRUCTURES","3","25","14","","SC059","A","I","E","ASYN","Y","HOURS ARR","","WEB5","","","EL MESALAMI,AYMAN","","25","21","3","ASYN","16-MAY-22","05-AUG-22","25","0","25"
"4","31662","CS","381","INTRO TO DISCRETE STRUCTURES","3","25","0","","SC059","A","I","H","ASYN","Y","HOURS ARR","","WEB7","","","EL MESALAMI,AYMAN","","25","21","3","ASYN","16-MAY-22","05-AUG-22","0","0","0"
"16","32690","CS","381","INTRO TO DISCRETE STRUCTURES","3","25","2","","SC214","A","I","B","ASYN","Y","HOURS ARR","","WEB2","","","EL MESALAMI,AYMAN","","25","9","3","ASYN","16-MAY-22","05-AUG-22","0","0","0"
"16","32695","CS","381","INTRO TO DISCRETE STRUCTURES","3","25","7","","SC214","A","I","E","ASYN","Y","HOURS ARR","","WEB5","","","EL MESALAMI,AYMAN","","25","9","3","ASYN","16-MAY-22","05-AUG-22","0","0","0"
"16","32696","CS","381","INTRO TO DISCRETE STRUCTURES","3","25","0","","SC214","A","I","H","ASYN","Y","HOURS ARR","","WEB7","","","EL MESALAMI,AYMAN","","25","9","3","ASYN","16-MAY-22","05-AUG-22","0","0","0"
"16","32998","CS","381","INTRO TO DISCRETE STRUCTURES","3","25","0","","SC214","A","I","V","ASYN","Y","HOURS ARR","","WEB8","","","EL MESALAMI,AYMAN","","25","9","3","ASYN","16-MAY-22","05-AUG-22","0","0","0"
"4","32999","CS","381","INTRO TO DISCRETE STRUCTURES","3","25","0","","SC059","A","I","V","ASYN","Y","HOURS ARR","","WEB8","","","EL MESALAMI,AYMAN","","25","21","3","ASYN","16-MAY-22","05-AUG-22","0","0","0"
"15","30103","CS","390","INTRO-THEORETICAL COMPUTER SCI","3","25","10","","","A","","A","TRAD","Y"," 115- 245PM","MTWRF","DRGS","1117","","MORRIS,JAY","","","10","1","CLAS","16-MAY-22","25-JUN-22","10","0","10"
"4","34872","CS","417","COMPUTATIONAL METH & SOFTWARE","3","5","1","","SC019","A","S","A","TRAD","Y"," 230- 510PM","MWF","GORNT","0217","O","KENNEDY,THOMAS","","50","32","1","CLAS","16-MAY-22","25-JUN-22","0","0","0"
"18","34873","CS","417","COMPUTATIONAL METH & SOFTWARE","3","25","0","","SC019","A","S","B","TRAD","Y"," 230- 510PM","MWF","VBCTR","0157","O","KENNEDY,THOMAS","","50","32","1","CLAS","16-MAY-22","25-JUN-22","0","0","0"
"18","34874","CS","417","COMPUTATIONAL METH & SOFTWARE","3","25","0","","SC019","A","S","B","TRAD","Y"," 230- 510PM","MWF","PNCTR","2245","O","KENNEDY,THOMAS","","50","32","1","CLAS","16-MAY-22","25-JUN-22","0","0","0"
"18","34875","CS","417","COMPUTATIONAL METH & SOFTWARE","3","25","0","","SC019","A","S","B","TRAD","Y"," 230- 510PM","MWF","TCCTR","2208","O","KENNEDY,THOMAS","","50","32","1","CLAS","16-MAY-22","25-JUN-22","0","0","0"
"18","34876","CS","417","COMPUTATIONAL METH & SOFTWARE","3","25","4","","SC019","A","I","B","SYNC","Y"," 230- 510PM","MWF","WC2","","O","KENNEDY,THOMAS","","50","32","1","SYNC","16-MAY-22","25-JUN-22","0","0","0"
"16","34877","CS","417","COMPUTATIONAL METH & SOFTWARE","3","25","9","","SC019","A","I","E","SYNC","Y"," 230- 510PM","MWF","WC5","","O","KENNEDY,THOMAS","","50","32","1","SYNC","16-MAY-22","25-JUN-22","0","0","0"
"18","34878","CS","417","COMPUTATIONAL METH & SOFTWARE","3","25","1","","SC019","A","I","V","SYNC","Y"," 230- 510PM","MWF","WC8","","O","KENNEDY,THOMAS","","50","32","1","SYNC","16-MAY-22","25-JUN-22","0","0","0"
"18","35005","CS","417","COMPUTATIONAL METH & SOFTWARE","3","25","4","","SC019","A","I","H","SYNC","Y"," 230- 510PM","MWF","WC7","","O","KENNEDY,THOMAS","","50","32","1","SYNC","16-MAY-22","25-JUN-22","0","0","0"
"-12","33812","CS","462","CYBERSECURITY FUNDAMENTALS","3","30","14","","SC020","A","I","B","ASYN","Y","HOURS ARR","","WEB2","","","ZEHRA,SUSAN","","30","42","3","ASYN","16-MAY-22","05-AUG-22","0","0","0"
"-12","33813","CS","462","CYBERSECURITY FUNDAMENTALS","3","30","11","","SC020","A","I","E","ASYN","Y","HOURS ARR","","WEB5","","","ZEHRA,SUSAN","","30","42","3","ASYN","16-MAY-22","05-AUG-22","0","0","0"
"-12","33814","CS","462","CYBERSECURITY FUNDAMENTALS","3","30","0","","SC020","A","I","H","ASYN","Y","HOURS ARR","","WEB7","","","ZEHRA,SUSAN","","30","42","3","ASYN","16-MAY-22","05-AUG-22","0","0","0"
"-12","33815","CS","462","CYBERSECURITY FUNDAMENTALS","3","30","0","","SC020","A","I","V","ASYN","Y","HOURS ARR","","WEB8","","","ZEHRA,SUSAN","","30","42","3","ASYN","16-MAY-22","05-AUG-22","0","0","0"
"3","34437","CS","462","CYBERSECURITY FUNDAMENTALS","3","30","14","","SC021","A","I","B","ASYN","Y","HOURS ARR","","WEB2","","","ZEHRA,SUSAN","","30","27","3","ASYN","16-MAY-22","05-AUG-22","0","0","0"
"3","34438","CS","462","CYBERSECURITY FUNDAMENTALS","3","30","12","","SC021","A","I","E","ASYN","Y","HOURS ARR","","WEB5","","","ZEHRA,SUSAN","","30","27","3","ASYN","16-MAY-22","05-AUG-22","0","0","0"
"3","34439","CS","462","CYBERSECURITY FUNDAMENTALS","3","30","0","","SC021","A","I","H","ASYN","Y","HOURS ARR","","WEB7","","","ZEHRA,SUSAN","","30","27","3","ASYN","16-MAY-22","05-AUG-22","0","0","0"
"3","36798","CS","462","CYBERSECURITY FUNDAMENTALS","3","5","1","","SC021","A","I","V","ASYN","Y","HOURS ARR","","WEB8","","","ZEHRA,SUSAN","","30","27","3","ASYN","16-MAY-22","05-AUG-22","0","0","0"
"3","35539","CS","463","CRYPTOGRAPHY FOR CYBERSECURITY","3","30","8","","SC070","A","I","B","ASYN","Y","HOURS ARR","","WEB2","","","IBRAHIM,SOAD","","30","27","3","ASYN","16-MAY-22","05-AUG-22","0","0","0"
"3","35540","CS","463","CRYPTOGRAPHY FOR CYBERSECURITY","3","30","8","","SC070","A","I","E","ASYN","Y","HOURS ARR","","WEB5","","","IBRAHIM,SOAD","","30","27","3","ASYN","16-MAY-22","05-AUG-22","0","0","0"
"3","35541","CS","463","CRYPTOGRAPHY FOR CYBERSECURITY","3","30","0","","SC070","A","I","H","ASYN","Y","HOURS ARR","","WEB7","","","IBRAHIM,SOAD","","30","27","3","ASYN","16-MAY-22","05-AUG-22","0","0","0"
"3","36595","CS","463","CRYPTOGRAPHY FOR CYBERSECURITY","3","5","0","","SC070","A","I","V","ASYN","Y","HOURS ARR","","WEB8","","","IBRAHIM,SOAD","","30","27","3","ASYN","16-MAY-22","05-AUG-22","0","0","0"
"5","35924","CS","464","NETWORKED SYSTEMS SECURITY","3","30","6","","SC248","A","I","B","ASYN","Y","HOURS ARR","","WEB2","","","IBRAHIM,SOAD","","30","25","3","ASYN","16-MAY-22","05-AUG-22","30","0","30"
"5","35925","CS","464","NETWORKED SYSTEMS SECURITY","3","30","8","","SC248","A","I","E","ASYN","Y","HOURS ARR","","WEB5","","","IBRAHIM,SOAD","","30","25","3","ASYN","16-MAY-22","05-AUG-22","30","0","30"
"5","35926","CS","464","NETWORKED SYSTEMS SECURITY","3","30","2","","SC248","A","I","H","ASYN","Y","HOURS ARR","","WEB7","","","IBRAHIM,SOAD","","30","25","3","ASYN","16-MAY-22","05-AUG-22","30","0","30"
"4","36971","CS","464","NETWORKED SYSTEMS SECURITY","3","5","1","","SC248","A","I","V","ASYN","Y","HOURS ARR","","WEB8","","","IBRAHIM,SOAD","","30","25","3","ASYN","16-MAY-22","05-AUG-22","30","0","30"
"-6","32334","CS","471","OPERATING SYSTEMS","3","35","14","","SC199","A","I","B","ASYN","Y","HOURS ARR","","WEB2","","","MUKKAMALA,RAVI","","35","41","1","ASYN","16-MAY-22","25-JUN-22","0","0","0"
"-6","32335","CS","471","OPERATING SYSTEMS","3","35","17","","SC199","A","I","E","ASYN","Y","HOURS ARR","","WEB5","","","MUKKAMALA,RAVI","","35","41","1","ASYN","16-MAY-22","25-JUN-22","0","0","0"
"-6","32336","CS","471","OPERATING SYSTEMS","3","35","9","","SC199","A","I","H","ASYN","Y","HOURS ARR","","WEB7","","","MUKKAMALA,RAVI","","35","41","1","ASYN","16-MAY-22","25-JUN-22","0","0","0"
"-6","33049","CS","471","OPERATING SYSTEMS","3","35","1","","SC199","A","I","V","ASYN","Y","HOURS ARR","","WEB8","","","MUKKAMALA,RAVI","","35","41","1","ASYN","16-MAY-22","25-JUN-22","0","0","0"
"5","37299","CS","491","HONORS RESEARCH I-COMPUTER SCI","3","5","0","","","A","I","B","ASYN","Y","HOURS ARR","","WEB2","","","JAYARATHNA,UKWATTA","IN","","0","3","ASYN","16-MAY-22","05-AUG-22","0","0","0"
"10","32647","CS","497","INDEPENDENT STUDY","3","10","0","","","E","","A","ASYN","Y","HOURS ARR","","TBA","TBA","","BRUNELLE,JANET","","","0","2","ASYN","27-JUN-22","06-AUG-22","0","0","0"
"10","32658","CS","497","INDEPENDENT STUDY","3","10","0","","","E","","A","ASYN","Y","HOURS ARR","","TBA","TBA","","ZUBAIR,MOHAMMAD","","","0","2","ASYN","27-JUN-22","06-AUG-22","0","0","0"
"3","32662","CS","497","INDEPENDENT STUDY","3","3","0","","","E","I","H","ASYN","Y","HOURS ARR","","IND7","","","KENNEDY,THOMAS","IN","","0","2","ASYN","27-JUN-22","06-AUG-22","0","0","0"
"10","32663","CS","497","INDEPENDENT STUDY","3","10","0","","","E","","A","ASYN","Y","HOURS ARR","","TBA","TBA","","RANJAN,DESH","","","0","2","ASYN","27-JUN-22","06-AUG-22","0","0","0"
"10","32673","CS","497","INDEPEND STUDY:BIOINFORMATICS","3","10","0","","","E","","A","ASYN","Y","HOURS ARR","","TBA","TBA","","HE,JING","","","0","2","ASYN","27-JUN-22","06-AUG-22","0","0","0"
"5","33810","CS","497","INDEPENDENT STUDY","1","5","0","","","E","","A","ASYN","Y","HOURS ARR","","TBA","TBA","","MORRIS,JAY","IN","","0","3","ASYN","16-MAY-22","05-AUG-22","0","0","0"
"5","35057","CS","497","INDEPENDENT STUDY","3","5","0","","","E","","A","ASYN","Y","HOURS ARR","","TBA","TBA","","KENNEDY,THOMAS","","","0","3","ASYN","16-MAY-22","05-AUG-22","0","0","0"
"1","34879","CS","517","COMPUTATIONAL METH & SOFTWARE","3","5","4","","SC019","A","S","N","TRAD","Y"," 230- 510PM","MWF","GORNT","0217","O","KENNEDY,THOMAS","","50","32","1","CLAS","16-MAY-22","25-JUN-22","0","0","0"
"18","34880","CS","517","COMPUTATIONAL METH & SOFTWARE","3","30","0","","SC019","A","S","O","TRAD","Y"," 230- 510PM","MWF","VBCTR","0160","O","KENNEDY,THOMAS","","50","32","1","CLAS","16-MAY-22","25-JUN-22","0","0","0"
"18","34881","CS","517","COMPUTATIONAL METH & SOFTWARE","3","25","0","","SC019","A","S","O","TRAD","Y"," 230- 510PM","MWF","PNCTR","2245","O","KENNEDY,THOMAS","","50","32","1","CLAS","16-MAY-22","25-JUN-22","0","0","0"
"18","34882","CS","517","COMPUTATIONAL METH & SOFTWARE","3","25","0","","SC019","A","S","O","TRAD","Y"," 230- 510PM","MWF","TCCTR","2208","O","KENNEDY,THOMAS","","50","32","1","CLAS","16-MAY-22","25-JUN-22","0","0","0"
"18","34883","CS","517","COMPUTATIONAL METH & SOFTWARE","3","25","2","","SC019","A","I","O","SYNC","Y"," 230- 510PM","MWF","WC2","","O","KENNEDY,THOMAS","","50","32","1","SYNC","16-MAY-22","25-JUN-22","0","0","0"
"18","34884","CS","517","COMPUTATIONAL METH & SOFTWARE","3","25","7","","SC019","A","I","R","SYNC","Y"," 230- 510PM","MWF","WC5","","O","KENNEDY,THOMAS","","50","32","1","SYNC","16-MAY-22","25-JUN-22","0","0","0"
"18","34885","CS","517","COMPUTATIONAL METH & SOFTWARE","3","25","0","","SC019","A","I","U","SYNC","Y"," 230- 510PM","MWF","WC7","","O","KENNEDY,THOMAS","","50","32","1","SYNC","16-MAY-22","25-JUN-22","0","0","0"
"-12","33816","CS","562","CYBERSECURITY FUNDAMENTALS","3","30","5","","SC020","A","I","O","ASYN","Y","HOURS ARR","","WEB2","","","ZEHRA,SUSAN","","30","42","3","ASYN","16-MAY-22","05-AUG-22","0","0","0"
"-12","33817","CS","562","CYBERSECURITY FUNDAMENTALS","3","30","11","","SC020","A","I","R","ASYN","Y","HOURS ARR","","WEB5","","","ZEHRA,SUSAN","","30","42","3","ASYN","16-MAY-22","05-AUG-22","0","0","0"
"-12","33818","CS","562","CYBERSECURITY FUNDAMENTALS","3","30","1","","SC020","A","I","U","ASYN","Y","HOURS ARR","","WEB7","","","IBRAHIM,SOAD","","30","42","3","ASYN","16-MAY-22","05-AUG-22","0","0","0"
"-12","33819","CS","562","CYBERSECURITY FUNDAMENTALS","3","30","0","","SC020","A","I","W","ASYN","Y","HOURS ARR","","WEB8","","","IBRAHIM,SOAD","","30","42","3","ASYN","16-MAY-22","05-AUG-22","0","0","0"
"3","35542","CS","563","CRYPTOGRAPHY FOR CYBERSECURITY","3","30","7","","SC070","A","I","O","ASYN","Y","HOURS ARR","","WEB2","","","IBRAHIM,SOAD","","30","27","3","ASYN","16-MAY-22","05-AUG-22","0","0","0"
"3","35543","CS","563","CRYPTOGRAPHY FOR CYBERSECURITY","3","30","4","","SC070","A","I","R","ASYN","Y","HOURS ARR","","WEB5","","","IBRAHIM,SOAD","","30","27","3","ASYN","16-MAY-22","05-AUG-22","0","0","0"
"3","35544","CS","563","CRYPTOGRAPHY FOR CYBERSECURITY","3","30","0","","SC070","A","I","U","ASYN","Y","HOURS ARR","","WEB7","","","IBRAHIM,SOAD","","30","27","3","ASYN","16-MAY-22","05-AUG-22","0","0","0"
"5","36419","CS","564","NETWORKED SYSTEMS SECURITY","3","30","2","","SC248","A","I","O","ASYN","Y","HOURS ARR","","WEB2","","","IBRAHIM,SOAD","","30","25","3","ASYN","16-MAY-22","05-AUG-22","30","0","30"
"5","36420","CS","564","NETWORKED SYSTEMS SECURITY","3","30","5","","SC248","A","I","R","ASYN","Y","HOURS ARR","","WEB5","","","IBRAHIM,SOAD","","30","25","3","ASYN","16-MAY-22","05-AUG-22","30","0","30"
"5","36421","CS","564","NETWORKED SYSTEMS SECURITY","3","30","1","","SC248","A","I","U","ASYN","Y","HOURS ARR","","WEB7","","","IBRAHIM,SOAD","","30","25","3","ASYN","16-MAY-22","05-AUG-22","30","0","30"
"5","33811","CS","597","INDEPENDENT STUDY","1","5","0","","","E","","N","ASYN","Y","HOURS ARR","","TBA","TBA","","MORRIS,JAY","IN","","0","3","ASYN","16-MAY-22","05-AUG-22","0","0","0"
"18","30105","CS","667","COOPERATIVE EDUCATION","1","20","2","","","J","","N","PRACT","Y","HOURS ARR","","TBA","TBA","","STAFF","IN","","2","2","ASYN","27-JUN-22","06-AUG-22","0","0","0"
"20","30106","CS","667","COOPERATIVE EDUCATION","2","20","0","","","J","","N","PRACT","Y","HOURS ARR","","TBA","TBA","","STAFF","IN","","0","2","ASYN","27-JUN-22","06-AUG-22","0","0","0"
"19","30107","CS","667","COOPERATIVE EDUCATION","3","20","1","","","J","","N","PRACT","Y","HOURS ARR","","TBA","TBA","","STAFF","IN","","1","2","ASYN","27-JUN-22","06-AUG-22","0","0","0"
"19","30108","CS","669","PRACTICUM","1","20","1","","","J","","N","PRACT","Y","HOURS ARR","","TBA","TBA","","STAFF","IN","","1","2","ASYN","27-JUN-22","06-AUG-22","0","0","0"
"20","30109","CS","669","PRACTICUM","2","20","0","","","J","","N","PRACT","Y","HOURS ARR","","TBA","TBA","","STAFF","IN","","0","2","ASYN","27-JUN-22","06-AUG-22","0","0","0"
"20","30110","CS","669","PRACTICUM","3","20","0","","","J","","N","PRACT","Y","HOURS ARR","","TBA","TBA","","STAFF","IN","","0","2","ASYN","27-JUN-22","06-AUG-22","0","0","0"
"8","32570","CS","690","COLLOQUIUM","1","15","7","","","A","I","O","ASYN","Y","HOURS ARR","","WEB2","","","ZEIL,STEVEN","","","7","2","ASYN","27-JUN-22","06-AUG-22","0","0","0"
"38","33782","CS","690","COLLOQUIUM","1","50","1","","SC057","A","I","O","ASYN","Y","HOURS ARR","","WEB2","","","ZEIL,STEVEN","","50","12","3","ASYN","16-MAY-22","05-AUG-22","0","0","0"
"38","33783","CS","690","COLLOQUIUM","1","50","10","","SC057","A","I","R","ASYN","Y","HOURS ARR","","WEB5","","","ZEIL,STEVEN","","50","12","3","ASYN","16-MAY-22","05-AUG-22","0","0","0"
"38","33784","CS","690","COLLOQUIUM","1","50","1","","SC057","A","I","U","ASYN","Y","HOURS ARR","","WEB7","","","ZEIL,STEVEN","","50","12","3","ASYN","16-MAY-22","05-AUG-22","0","0","0"
"38","33785","CS","690","COLLOQUIUM","1","50","0","","SC057","A","I","W","ASYN","Y","HOURS ARR","","WEB8","","","ZEIL,STEVEN","","50","12","3","ASYN","16-MAY-22","05-AUG-22","0","0","0"
"20","30111","CS","697","INDEPENDENT STUDY IN C S","3","20","0","","","E","","N","IND","Y","HOURS ARR","","TBA","TBA","","CHERNIKOV,ANDREY","IN","","0","2","ASYN","27-JUN-22","06-AUG-22","0","0","0"
"20","30112","CS","697","INDEPENDENT STUDY IN C S","3","20","0","","","E","","N","IND","Y","HOURS ARR","","TBA","TBA","","RANJAN,DESH","IN","","0","2","ASYN","27-JUN-22","06-AUG-22","0","0","0"
"19","30113","CS","697","INDEPENDENT STUDY IN C S","3","20","1","","","E","","N","IND","Y","HOURS ARR","","TBA","TBA","","HE,JING","IN","","1","2","ASYN","27-JUN-22","06-AUG-22","0","0","0"
"20","30114","CS","697","INDEPENDENT STUDY IN C S","3","20","0","","","E","","N","IND","Y","HOURS ARR","","TBA","TBA","","NELSON,MICHAEL","IN","","0","2","ASYN","27-JUN-22","06-AUG-22","0","0","0"
"20","30115","CS","697","INDEPENDENT STUDY IN C S","3","20","0","","","E","","N","IND","Y","HOURS ARR","","TBA","TBA","","WEIGLE,MICHELE","IN","","0","2","ASYN","27-JUN-22","06-AUG-22","0","0","0"
"19","30116","CS","697","INDEPENDENT STUDY IN C S","3","20","1","","","E","","N","IND","Y","HOURS ARR","","TBA","TBA","","MUKKAMALA,RAVI","IN","","1","2","ASYN","27-JUN-22","06-AUG-22","0","0","0"
"17","30117","CS","697","INDEPENDENT STUDY IN C S","3","20","3","","","E","","N","IND","Y","HOURS ARR","","TBA","TBA","","HAO,SHUAI","IN","","3","2","ASYN","27-JUN-22","06-AUG-22","0","0","0"
"20","30118","CS","697","INDEPENDENT STUDY IN C S","3","20","0","","","E","","N","IND","Y","HOURS ARR","","TBA","TBA","","CHRISOCHOID,NICOLAOS","IN","","0","2","ASYN","27-JUN-22","06-AUG-22","0","0","0"
"20","30119","CS","697","INDEPENDENT STUDY IN C S","3","20","0","","","E","","N","IND","Y","HOURS ARR","","TBA","TBA","","OLARIU,STEPHAN","IN","","0","2","ASYN","27-JUN-22","06-AUG-22","0","0","0"
"20","30120","CS","697","INDEPENDENT STUDY IN C S","3","20","0","","","E","","N","IND","Y","HOURS ARR","","TBA","TBA","","STAFF","IN","","0","2","ASYN","27-JUN-22","06-AUG-22","0","0","0"
"19","30121","CS","697","INDEPENDENT STUDY IN C S","3","20","1","","","E","","N","IND","Y","HOURS ARR","","TBA","TBA","","LI,YAOHANG","IN","","1","2","ASYN","27-JUN-22","06-AUG-22","0","0","0"
"20","30122","CS","697","INDEPENDENT STUDY IN C S","3","20","0","","","E","","N","IND","Y","HOURS ARR","","TBA","TBA","","ZEIL,STEVEN","IN","","0","2","ASYN","27-JUN-22","06-AUG-22","0","0","0"
"20","30123","CS","697","INDEPENDENT STUDY IN C S","3","20","0","","","E","","N","IND","Y","HOURS ARR","","TBA","TBA","","ZUBAIR,MOHAMMAD","IN","","0","2","ASYN","27-JUN-22","06-AUG-22","0","0","0"
"5","31072","CS","697","INDEPENDENT STUDY IN C S","3","5","0","","","E","","N","IND","Y","HOURS ARR","","TBA","TBA","","STAFF","IN","","0","2","ASYN","27-JUN-22","06-AUG-22","0","0","0"
"-3","36901","CS","697","INDEPENDENT STUDY IN C S","3","5","8","","","E","","N","TRAD","Y","HOURS ARR","","TBA","TBA","","IBRAHIM,SOAD","","","8","3","ASYN","16-MAY-22","05-AUG-22","0","0","0"
"0","37118","CS","697","INDEPENDENT STUDY IN C S","3","5","5","","","E","","N","TRAD","Y","HOURS ARR","","TBA","TBA","","MALY,KURT","","","5","3","ASYN","16-MAY-22","05-AUG-22","0","0","0"
"20","30124","CS","698","MASTER'S PROJECT","3","20","0","","","I","","N","ASYN","Y","HOURS ARR","","TBA","TBA","","CHERNIKOV,ANDREY","IN","","0","2","ASYN","27-JUN-22","06-AUG-22","0","0","0"
"20","30125","CS","698","MASTER'S PROJECT","3","20","0","","","I","","N","ASYN","Y","HOURS ARR","","TBA","TBA","","RANJAN,DESH","IN","","0","2","ASYN","27-JUN-22","06-AUG-22","0","0","0"
"20","30126","CS","698","MASTER'S PROJECT","3","20","0","","","I","","N","ASYN","Y","HOURS ARR","","TBA","TBA","","HE,JING","IN","","0","2","ASYN","27-JUN-22","06-AUG-22","0","0","0"
"20","30127","CS","698","MASTER'S PROJECT","3","20","0","","","I","","N","ASYN","Y","HOURS ARR","","TBA","TBA","","NELSON,MICHAEL","IN","","0","2","ASYN","27-JUN-22","06-AUG-22","0","0","0"
"20","30128","CS","698","MASTER'S PROJECT","3","20","0","","","I","","N","ASYN","Y","HOURS ARR","","TBA","TBA","","STAFF","IN","","0","1","ASYN","16-MAY-22","25-JUN-22","0","0","0"
"20","30129","CS","698","MASTER'S PROJECT","3","20","0","","","I","","N","ASYN","Y","HOURS ARR","","TBA","TBA","","WEIGLE,MICHELE","IN","","0","2","ASYN","27-JUN-22","06-AUG-22","0","0","0"
"20","30130","CS","698","MASTER'S PROJECT","3","20","0","","","I","","N","ASYN","Y","HOURS ARR","","TBA","TBA","","WANG,CONG","IN","","0","2","ASYN","27-JUN-22","06-AUG-22","0","0","0"
"20","30131","CS","698","MASTER'S PROJECT","3","20","0","","","I","","N","ASYN","Y","HOURS ARR","","TBA","TBA","","CHRISOCHOID,NICOLAOS","IN","","0","2","ASYN","27-JUN-22","06-AUG-22","0","0","0"
"20","30132","CS","698","MASTER'S PROJECT","3","20","0","","","I","","N","ASYN","Y","HOURS ARR","","TBA","TBA","","OLARIU,STEPHAN","IN","","0","2","ASYN","27-JUN-22","06-AUG-22","0","0","0"
"20","30133","CS","698","MASTER'S PROJECT","3","20","0","","","I","","N","ASYN","Y","HOURS ARR","","TBA","TBA","","STAFF","IN","","0","2","ASYN","27-JUN-22","06-AUG-22","0","0","0"
"20","30134","CS","698","MASTER'S PROJECT","3","20","0","","","I","","N","ASYN","Y","HOURS ARR","","TBA","TBA","","STAFF","IN","","0","2","ASYN","27-JUN-22","06-AUG-22","0","0","0"
"20","30135","CS","698","MASTER'S PROJECT","3","20","0","","","I","","N","ASYN","Y","HOURS ARR","","TBA","TBA","","LI,YAOHANG","IN","","0","2","ASYN","27-JUN-22","06-AUG-22","0","0","0"
"20","30136","CS","698","MASTER'S PROJECT","3","20","0","","","I","","N","ASYN","Y","HOURS ARR","","TBA","TBA","","ZEIL,STEVEN","IN","","0","2","ASYN","27-JUN-22","06-AUG-22","0","0","0"
"20","30137","CS","698","MASTER'S PROJECT","3","20","0","","","I","","N","ASYN","Y","HOURS ARR","","TBA","TBA","","ZUBAIR,MOHAMMAD","IN","","0","2","ASYN","27-JUN-22","06-AUG-22","0","0","0"
"5","30138","CS","699","THESIS RESEARCH","3","5","0","","","I","","N","ASYN","Y","HOURS ARR","","TBA","TBA","","CHERNIKOV,ANDREY","IN","","0","2","ASYN","27-JUN-22","06-AUG-22","0","0","0"
"5","30139","CS","699","THESIS RESEARCH","3","5","0","","","I","","N","ASYN","Y","HOURS ARR","","TBA","TBA","","RANJAN,DESH","IN","","0","2","ASYN","27-JUN-22","06-AUG-22","0","0","0"
"5","30140","CS","699","THESIS RESEARCH","3","5","0","","","I","","N","ASYN","Y","HOURS ARR","","TBA","TBA","","STAFF","IN","","0","2","ASYN","27-JUN-22","06-AUG-22","0","0","0"
"5","30141","CS","699","THESIS RESEARCH","3","5","0","","","I","","N","ASYN","Y","HOURS ARR","","TBA","TBA","","HE,JING","IN","","0","2","ASYN","27-JUN-22","06-AUG-22","0","0","0"
"5","30142","CS","699","THESIS RESEARCH","3","5","0","","","I","I","O","ASYN","Y","HOURS ARR","","WEB2","","","NELSON,MICHAEL","IN","","0","2","ASYN","27-JUN-22","06-AUG-22","0","0","0"
"5","30143","CS","699","THESIS RESEARCH","3","5","0","","","I","I","O","ASYN","Y","HOURS ARR","","WEB2","","","MUKKAMALA,RAVI","IN","","0","2","ASYN","27-JUN-22","06-AUG-22","0","0","0"
"5","30144","CS","699","THESIS RESEARCH","3","5","0","","","I","","N","ASYN","Y","HOURS ARR","","TBA","TBA","","WEIGLE,MICHELE","IN","","0","2","ASYN","27-JUN-22","06-AUG-22","0","0","0"
"5","30145","CS","699","THESIS RESEARCH","3","5","0","","","I","","N","ASYN","Y","HOURS ARR","","TBA","TBA","","WANG,CONG","IN","","0","2","ASYN","27-JUN-22","06-AUG-22","0","0","0"
"5","30146","CS","699","THESIS RESEARCH","3","5","0","","","I","","N","ASYN","Y","HOURS ARR","","TBA","TBA","","CHRISOCHOID,NICOLAOS","IN","","0","2","ASYN","27-JUN-22","06-AUG-22","0","0","0"
"5","30147","CS","699","THESIS RESEARCH","3","5","0","","","I","","N","ASYN","Y","HOURS ARR","","TBA","TBA","","OLARIU,STEPHAN","IN","","0","2","ASYN","27-JUN-22","06-AUG-22","0","0","0"
"4","30148","CS","699","THESIS RESEARCH","3","5","1","","","I","","N","ASYN","Y","HOURS ARR","","TBA","TBA","","LI,YAOHANG","IN","","1","2","ASYN","27-JUN-22","06-AUG-22","0","0","0"
"5","30149","CS","699","THESIS RESEARCH","3","5","0","","","I","","N","ASYN","Y","HOURS ARR","","TBA","TBA","","ZEIL,STEVEN","IN","","0","2","ASYN","27-JUN-22","06-AUG-22","0","0","0"
"5","30150","CS","699","THESIS RESEARCH","3","5","0","","","I","","N","ASYN","Y","HOURS ARR","","TBA","TBA","","ZUBAIR,MOHAMMAD","IN","","0","2","ASYN","27-JUN-22","06-AUG-22","0","0","0"
"5","31079","CS","699","THESIS RESEARCH","3","5","0","","","I","","N","ASYN","Y","HOURS ARR","","TBA","TBA","","LI,YAOHANG","IN","","0","2","ASYN","27-JUN-22","06-AUG-22","0","0","0"
"6","31713","CS","773","DATA MINING AND SECURITY","3","30","8","","SC185","A","I","O","ASYN","Y","HOURS ARR","","WEB2","","","MUKKAMALA,RAVI","","30","24","1","ASYN","16-MAY-22","25-JUN-22","0","0","0"
"6","31714","CS","773","DATA MINING AND SECURITY","3","30","11","","SC185","A","I","R","ASYN","Y","HOURS ARR","","WEB5","","","MUKKAMALA,RAVI","","30","24","1","ASYN","16-MAY-22","25-JUN-22","0","0","0"
"6","31715","CS","773","DATA MINING AND SECURITY","3","30","0","","SC185","A","I","U","ASYN","Y","HOURS ARR","","WEB7","","","MUKKAMALA,RAVI","","30","24","1","ASYN","16-MAY-22","25-JUN-22","0","0","0"
"6","33780","CS","773","DATA MINING AND SECURITY","3","30","1","","SC185","A","I","W","ASYN","Y","HOURS ARR","","WEB8","","","MUKKAMALA,RAVI","","30","24","1","ASYN","16-MAY-22","25-JUN-22","0","0","0"
"5","30151","CS","791","GRADUATE SEMINAR","3","5","0","","","D","I","O","ASYN","Y","HOURS ARR","","WEB2","","","CHERNIKOV,ANDREY","IN","","0","2","ASYN","27-JUN-22","06-AUG-22","0","0","0"
"5","30152","CS","791","GRADUATE SEMINAR","3","5","0","","","D","I","O","ASYN","Y","HOURS ARR","","WEB2","","","RANJAN,DESH","IN","","0","2","ASYN","27-JUN-22","06-AUG-22","0","0","0"
"5","30153","CS","791","GRADUATE SEMINAR","3","5","0","","","D","I","O","ASYN","Y","HOURS ARR","","WEB2","","","STAFF","IN","","0","2","ASYN","27-JUN-22","06-AUG-22","0","0","0"
"5","30154","CS","791","GRADUATE SEMINAR","3","5","0","","","D","I","O","ASYN","Y","HOURS ARR","","WEB2","","","HE,JING","IN","","0","2","ASYN","27-JUN-22","06-AUG-22","0","0","0"
"5","30155","CS","791","GRADUATE SEMINAR","3","5","0","","","D","I","O","ASYN","Y","HOURS ARR","","WEB2","","","NELSON,MICHAEL","IN","","0","2","ASYN","27-JUN-22","06-AUG-22","0","0","0"
"5","30156","CS","791","GRADUATE SEMINAR","3","5","0","","","D","I","O","ASYN","Y","HOURS ARR","","WEB2","","","MUKKAMALA,RAVI","IN","","0","2","ASYN","27-JUN-22","06-AUG-22","0","0","0"
"5","30157","CS","791","GRADUATE SEMINAR","3","5","0","","","D","I","O","ASYN","Y","HOURS ARR","","WEB2","","","WEIGLE,MICHELE","IN","","0","2","ASYN","27-JUN-22","06-AUG-22","0","0","0"
"4","30158","CS","791","GRADUATE SEMINAR","3","5","1","","","D","","N","SEM","Y","HOURS ARR","","TBA","TBA","","LI,LUSI","IN","","1","2","ASYN","27-JUN-22","06-AUG-22","0","0","0"
"5","30159","CS","791","GRADUATE SEMINAR","3","5","0","","","D","I","O","ASYN","Y","HOURS ARR","","WEB2","","","CHRISOCHOID,NICOLAOS","IN","","0","2","ASYN","27-JUN-22","06-AUG-22","0","0","0"
"5","30160","CS","791","GRADUATE SEMINAR","3","5","0","","","D","I","O","ASYN","Y","HOURS ARR","","WEB2","","","OLARIU,STEPHAN","IN","","0","2","ASYN","27-JUN-22","06-AUG-22","0","0","0"
"5","30161","CS","791","GRADUATE SEMINAR","3","5","0","","","D","I","O","ASYN","Y","HOURS ARR","","WEB2","","","STAFF","IN","","0","2","ASYN","27-JUN-22","06-AUG-22","0","0","0"
"5","30162","CS","791","GRADUATE SEMINAR","3","5","0","","","D","I","O","ASYN","Y","HOURS ARR","","WEB2","","","LI,YAOHANG","IN","","0","2","ASYN","27-JUN-22","06-AUG-22","0","0","0"
"5","30163","CS","791","GRADUATE SEMINAR","3","5","0","","","D","I","O","ASYN","Y","HOURS ARR","","WEB2","","","ZEIL,STEVEN","IN","","0","2","ASYN","27-JUN-22","06-AUG-22","0","0","0"
"5","30164","CS","791","GRADUATE SEMINAR","3","5","0","","","D","I","O","ASYN","Y","HOURS ARR","","WEB2","","","ZUBAIR,MOHAMMAD","IN","","0","2","ASYN","27-JUN-22","06-AUG-22","0","0","0"
"5","34085","CS","791","GRADUATE SEMINAR","3","5","0","","","D","I","O","ASYN","Y","HOURS ARR","","WEB2","","","WU,JIAN","IN","","0","3","ASYN","16-MAY-22","05-AUG-22","0","0","0"
"5","34087","CS","791","GRADUATE SEMINAR","3","5","0","","","D","I","O","ASYN","Y","HOURS ARR","","WEB2","","","SUN,JIANGWEN","IN","","0","3","ASYN","16-MAY-22","05-AUG-22","0","0","0"
"5","34089","CS","791","GRADUATE SEMINAR","3","5","0","","","D","I","O","ASYN","Y","HOURS ARR","","WEB2","","","JAYARATHNA,UKWATTA","IN","","0","3","ASYN","16-MAY-22","05-AUG-22","0","0","0"
"4","37290","CS","796","TPCS: WEB ARCHIVING","3","5","1","","SC221","A","I","O","ASYN","Y","HOURS ARR","","WEB2","","","NELSON,MICHAEL","IN","10","3","3","ASYN","16-MAY-22","05-AUG-22","0","0","0"
"6","31716","CS","873","DATA MINING AND SECURITY","3","30","3","","SC185","A","I","O","ASYN","Y","HOURS ARR","","WEB2","","","MUKKAMALA,RAVI","","30","24","1","ASYN","16-MAY-22","25-JUN-22","0","0","0"
"6","31717","CS","873","DATA MINING AND SECURITY","3","30","1","","SC185","A","I","R","ASYN","Y","HOURS ARR","","WEB5","","","MUKKAMALA,RAVI","","30","24","1","ASYN","16-MAY-22","25-JUN-22","0","0","0"
"6","31718","CS","873","DATA MINING AND SECURITY","3","30","0","","SC185","A","I","U","ASYN","Y","HOURS ARR","","WEB7","","","MUKKAMALA,RAVI","","30","24","1","ASYN","16-MAY-22","25-JUN-22","0","0","0"
"6","33781","CS","873","DATA MINING AND SECURITY","3","30","0","","SC185","A","I","W","ASYN","Y","HOURS ARR","","WEB8","","","MUKKAMALA,RAVI","","30","24","1","ASYN","16-MAY-22","25-JUN-22","0","0","0"
"5","30165","CS","891","GRADUATE SEMINAR","3","5","0","","","D","I","O","ASYN","Y","HOURS ARR","","WEB2","","","CHERNIKOV,ANDREY","IN","","0","2","ASYN","27-JUN-22","06-AUG-22","0","0","0"
"5","30166","CS","891","GRADUATE SEMINAR","3","5","0","","","D","I","O","ASYN","Y","HOURS ARR","","WEB2","","","RANJAN,DESH","IN","","0","2","ASYN","27-JUN-22","06-AUG-22","0","0","0"
"3","30167","CS","891","GRADUATE SEMINAR","3","5","2","","","D","","N","SEM","Y","HOURS ARR","","TBA","TBA","","HE,JING","IN","","2","2","ASYN","27-JUN-22","06-AUG-22","0","0","0"
"5","30168","CS","891","GRADUATE SEMINAR","3","5","0","","","D","I","O","ASYN","Y","HOURS ARR","","WEB2","","","NELSON,MICHAEL","IN","","0","2","ASYN","27-JUN-22","06-AUG-22","0","0","0"
"5","30169","CS","891","GRADUATE SEMINAR","3","5","0","","","D","I","O","ASYN","Y","HOURS ARR","","WEB2","","","MUKKAMALA,RAVI","IN","","0","2","ASYN","27-JUN-22","06-AUG-22","0","0","0"
"5","30170","CS","891","GRADUATE SEMINAR","3","5","0","","","D","I","O","ASYN","Y","HOURS ARR","","WEB2","","","WEIGLE,MICHELE","IN","","0","2","ASYN","27-JUN-22","06-AUG-22","0","0","0"
"5","30171","CS","891","GRADUATE SEMINAR","3","5","0","","","D","I","O","ASYN","Y","HOURS ARR","","WEB2","","","LI,LUSI","IN","","0","2","ASYN","27-JUN-22","06-AUG-22","0","0","0"
"5","30172","CS","891","GRADUATE SEMINAR","3","5","0","","","D","I","O","ASYN","Y","HOURS ARR","","WEB2","","","CHRISOCHOID,NICOLAOS","IN","","0","2","ASYN","27-JUN-22","06-AUG-22","0","0","0"
"5","30173","CS","891","GRADUATE SEMINAR","3","5","0","","","D","I","O","ASYN","Y","HOURS ARR","","WEB2","","","OLARIU,STEPHAN","IN","","0","2","ASYN","27-JUN-22","06-AUG-22","0","0","0"
"5","30174","CS","891","GRADUATE SEMINAR","3","5","0","","","D","","N","SEM","Y","HOURS ARR","","TBA","TBA","","STAFF","IN","","0","2","ASYN","27-JUN-22","06-AUG-22","0","0","0"
"5","30175","CS","891","GRADUATE SEMINAR","3","5","0","","","D","I","O","ASYN","Y","HOURS ARR","","WEB2","","","LI,YAOHANG","IN","","0","2","ASYN","27-JUN-22","06-AUG-22","0","0","0"
"5","30176","CS","891","GRADUATE SEMINAR","3","5","0","","","D","I","O","ASYN","Y","HOURS ARR","","WEB2","","","ZEIL,STEVEN","IN","","0","2","ASYN","27-JUN-22","06-AUG-22","0","0","0"
"5","30177","CS","891","GRADUATE SEMINAR","3","5","0","","","D","I","O","ASYN","Y","HOURS ARR","","WEB2","","","ZUBAIR,MOHAMMAD","IN","","0","2","ASYN","27-JUN-22","06-AUG-22","0","0","0"
"3","34086","CS","891","GRADUATE SEMINAR","3","5","2","","","D","","N","SEM","Y","HOURS ARR","","TBA","TBA","","WU,JIAN","IN","","2","3","ASYN","16-MAY-22","05-AUG-22","0","0","0"
"2","34088","CS","891","GRADUATE SEMINAR","3","5","3","","","D","","N","SEM","Y","HOURS ARR","","TBA","TBA","","SUN,JIANGWEN","IN","","3","3","ASYN","16-MAY-22","05-AUG-22","0","0","0"
"5","34090","CS","891","GRADUATE SEMINAR","3","5","0","","","D","I","O","ASYN","Y","HOURS ARR","","WEB2","","","JAYARATHNA,UKWATTA","IN","","0","3","ASYN","16-MAY-22","05-AUG-22","0","0","0"
"10","31311","CS","896","TOPICS IN COMPUTER SCIENCE","3","10","0","","","A","I","O","ASYN","Y","HOURS ARR","","WEB2","","","CHRISOCHOID,NICOLAOS","","","0","3","ASYN","16-MAY-22","05-AUG-22","0","0","0"
"3","36955","CS","896","TPCS: WEB ARCHIVING","3","5","2","","SC221","A","I","O","TRAD","Y","HOURS ARR","","WEB2","","","NELSON,MICHAEL","IN","10","3","3","ASYN","16-MAY-22","05-AUG-22","0","0","0"
"20","30178","CS","899","DOCTORAL DISSERTATION","1","20","0","","","I","","N","ASYN","Y","HOURS ARR","","TBA","TBA","","ZUBAIR,MOHAMMAD","","","0","2","ASYN","27-JUN-22","06-AUG-22","0","0","0"
"19","30179","CS","899","DOCTORAL DISSERTATION","2","20","1","","","I","","N","ASYN","Y","HOURS ARR","","TBA","TBA","","HAO,SHUAI","","","1","2","ASYN","27-JUN-22","06-AUG-22","0","0","0"
"19","30180","CS","899","DOCTORAL DISSERTATION","3","20","1","","","I","","N","ASYN","Y","HOURS ARR","","TBA","TBA","","CHERNIKOV,ANDREY","","","1","2","ASYN","27-JUN-22","06-AUG-22","0","0","0"
"18","30181","CS","899","DOCTORAL DISSERTATION","3","20","2","","","I","","N","TH/DS","Y","HOURS ARR","","TBA","TBA","","RANJAN,DESH","","","2","2","ASYN","27-JUN-22","06-AUG-22","0","0","0"
"20","30182","CS","899","DOCTORAL DISSERTATION","3","20","0","","","I","","N","ASYN","Y","HOURS ARR","","TBA","TBA","","HE,JING","","","0","2","ASYN","27-JUN-22","06-AUG-22","0","0","0"
"17","30183","CS","899","DOCTORAL DISSERTATION","3","20","3","","","I","","N","ASYN","Y","HOURS ARR","","TBA","TBA","","NELSON,MICHAEL","","","3","2","ASYN","27-JUN-22","06-AUG-22","0","0","0"
"4","30184","CS","899","DOCTORAL DISSERTATION","3","5","1","","","I","","N","ASYN","Y","HOURS ARR","","TBA","TBA","","LI,LUSI","IN","","1","3","ASYN","16-MAY-22","05-AUG-22","0","0","0"
"19","30185","CS","899","DOCTORAL DISSERTATION","3","20","1","","","I","","N","ASYN","Y","HOURS ARR","","TBA","TBA","","WEIGLE,MICHELE","","","1","2","ASYN","27-JUN-22","06-AUG-22","0","0","0"
"18","30186","CS","899","DOCTORAL DISSERTATION","3","20","2","","","I","","N","ASYN","Y","HOURS ARR","","TBA","TBA","","WANG,FENGJIAO","","","2","2","ASYN","27-JUN-22","06-AUG-22","0","0","0"
"20","30187","CS","899","DOCTORAL DISSERTATION","3","20","0","","","I","","N","ASYN","Y","HOURS ARR","","TBA","TBA","","CHRISOCHOID,NICOLAOS","","","0","2","ASYN","27-JUN-22","06-AUG-22","0","0","0"
"20","30188","CS","899","DOCTORAL DISSERTATION","3","20","0","","","I","","N","ASYN","Y","HOURS ARR","","TBA","TBA","","OLARIU,STEPHAN","","","0","2","ASYN","27-JUN-22","06-AUG-22","0","0","0"
"19","30189","CS","899","DOCTORAL DISSERTATION","3","20","1","","","I","","N","ASYN","Y","HOURS ARR","","TBA","TBA","","STAFF","","","1","2","ASYN","27-JUN-22","06-AUG-22","0","0","0"
"19","30190","CS","899","DOCTORAL DISSERTATION","3","20","1","","","I","","N","ASYN","Y","HOURS ARR","","TBA","TBA","","GANJIGUNTE ,VIKAS","","","1","2","ASYN","27-JUN-22","06-AUG-22","0","0","0"
"19","30191","CS","899","DOCTORAL DISSERTATION","3","20","1","","","I","","N","ASYN","Y","HOURS ARR","","TBA","TBA","","LI,YAOHANG","","","1","2","ASYN","27-JUN-22","06-AUG-22","0","0","0"
"19","30192","CS","899","DOCTORAL DISSERTATION","3","20","1","","","I","","N","ASYN","Y","HOURS ARR","","TBA","TBA","","HAO,SHUAI","","","1","2","ASYN","27-JUN-22","06-AUG-22","0","0","0"
"18","30193","CS","899","DOCTORAL DISSERTATION","3","20","2","","","I","","N","ASYN","Y","HOURS ARR","","TBA","TBA","","HE,YI","","","2","2","ASYN","27-JUN-22","06-AUG-22","0","0","0"
"20","30194","CS","899","DOCTORAL DISSERTATION","6","20","0","","","I","","N","ASYN","Y","HOURS ARR","","TBA","TBA","","CHERNIKOV,ANDREY","","","0","2","ASYN","27-JUN-22","06-AUG-22","0","0","0"
"20","30195","CS","899","DOCTORAL DISSERTATION","6","20","0","","","I","","N","ASYN","Y","HOURS ARR","","TBA","TBA","","RANJAN,DESH","","","0","2","ASYN","27-JUN-22","06-AUG-22","0","0","0"
"20","30196","CS","899","DOCTORAL DISSERTATION","6","20","0","","","I","","N","TH/DS","Y","HOURS ARR","","TBA","TBA","","CHERNIKOV,ANDREY","","","0","2","ASYN","27-JUN-22","06-AUG-22","0","0","0"
"20","30197","CS","899","DOCTORAL DISSERTATION","6","20","0","","","I","","N","ASYN","Y","HOURS ARR","","TBA","TBA","","HE,JING","","","0","2","ASYN","27-JUN-22","06-AUG-22","0","0","0"
"20","30198","CS","899","DOCTORAL DISSERTATION","6","20","0","","","I","","N","ASYN","Y","HOURS ARR","","TBA","TBA","","NELSON,MICHAEL","","","0","2","ASYN","27-JUN-22","06-AUG-22","0","0","0"
"20","30199","CS","899","DOCTORAL DISSERTATION","6","20","0","","","I","","N","ASYN","Y","HOURS ARR","","TBA","TBA","","WEIGLE,MICHELE","","","0","2","ASYN","27-JUN-22","06-AUG-22","0","0","0"
"20","30200","CS","899","DOCTORAL DISSERTATION","6","20","0","","","I","","N","ASYN","Y","HOURS ARR","","TBA","TBA","","MUKKAMALA,RAVI","","","0","2","ASYN","27-JUN-22","06-AUG-22","0","0","0"
"20","30201","CS","899","DOCTORAL DISSERTATION","6","20","0","","","I","","N","ASYN","Y","HOURS ARR","","TBA","TBA","","WANG,CONG","","","0","2","ASYN","27-JUN-22","06-AUG-22","0","0","0"
"20","30202","CS","899","DOCTORAL DISSERTATION","6","20","0","","","I","","N","ASYN","Y","HOURS ARR","","TBA","TBA","","CHRISOCHOID,NICOLAOS","","","0","2","ASYN","27-JUN-22","06-AUG-22","0","0","0"
"20","30203","CS","899","DOCTORAL DISSERTATION","6","20","0","","","I","","N","ASYN","Y","HOURS ARR","","TBA","TBA","","OLARIU,STEPHAN","","","0","2","ASYN","27-JUN-22","06-AUG-22","0","0","0"
"20","30204","CS","899","DOCTORAL DISSERTATION","6","20","0","","","I","","N","ASYN","Y","HOURS ARR","","TBA","TBA","","STAFF","","","0","2","ASYN","27-JUN-22","06-AUG-22","0","0","0"
"20","30205","CS","899","DOCTORAL DISSERTATION","6","20","0","","","I","","N","ASYN","Y","HOURS ARR","","TBA","TBA","","STAFF","","","0","2","ASYN","27-JUN-22","06-AUG-22","0","0","0"
"19","30206","CS","899","DOCTORAL DISSERTATION","6","20","1","","","I","","N","ASYN","Y","HOURS ARR","","TBA","TBA","","LI,YAOHANG","","","1","2","ASYN","27-JUN-22","06-AUG-22","0","0","0"
"20","30207","CS","899","DOCTORAL DISSERTATION","6","20","0","","","I","","N","ASYN","Y","HOURS ARR","","TBA","TBA","","ZEIL,STEVEN","","","0","2","ASYN","27-JUN-22","06-AUG-22","0","0","0"
"19","30208","CS","899","DOCTORAL DISSERTATION","6","20","1","","","I","","N","ASYN","Y","HOURS ARR","","TBA","TBA","","ZUBAIR,MOHAMMAD","","","1","2","ASYN","27-JUN-22","06-AUG-22","0","0","0"
"4","31054","CS","899","DOCTORAL DISSERTATION","1","5","1","","","I","","N","ASYN","Y","HOURS ARR","","TBA","TBA","","WEIGLE,MICHELE","","","1","2","ASYN","27-JUN-22","06-AUG-22","0","0","0"
"5","31118","CS","899","DOCTORAL DISSERTATION","1","5","0","","","I","","N","ASYN","Y","HOURS ARR","","TBA","TBA","","OLARIU,STEPHAN","","","0","2","ASYN","27-JUN-22","06-AUG-22","0","0","0"
"3","31119","CS","899","DOCTORAL DISSERTATION","1","5","2","","","I","","N","ASYN","Y","HOURS ARR","","TBA","TBA","","HE,JING","","","2","2","ASYN","27-JUN-22","06-AUG-22","0","0","0"
"5","31300","CS","899","DOCTORAL DISSERTATION","1","5","0","","","I","","N","ASYN","Y","HOURS ARR","","TBA","TBA","","NELSON,MICHAEL","","","0","2","ASYN","27-JUN-22","06-AUG-22","0","0","0"
"3","33375","CS","899","DOCTORAL DISSERTATION","1","5","2","","","I","","N","ASYN","Y","HOURS ARR","","TBA","TBA","","CHRISOCHOID,NICOLAOS","","","2","2","ASYN","27-JUN-22","06-AUG-22","0","0","0"
"5","33377","CS","899","DOCTORAL DISSERTATION","2","5","0","","","I","","N","ASYN","Y","HOURS ARR","","TBA","TBA","","WEIGLE,MICHELE","","","0","2","ASYN","27-JUN-22","06-AUG-22","0","0","0"
"0","33396","CS","899","DOCTORAL DISSERTATION","1","1","1","","","I","","N","ASYN","Y","HOURS ARR","","TBA","TBA","","STAFF","","","1","2","ASYN","27-JUN-22","06-AUG-22","0","0","0"
"1","33888","CS","899","DOCTORAL DISSERTATION","1","5","4","","","I","","N","ASYN","Y","HOURS ARR","","TBA","TBA","","LI,YAOHANG","IN","","4","3","ASYN","16-MAY-22","05-AUG-22","0","0","0"
"3","34552","CS","899","DOCTORAL DISSERTATION","3","5","2","","","I","","N","ASYN","Y","HOURS ARR","","TBA","TBA","","JAYARATHNA,UKWATTA","IN","","2","3","ASYN","16-MAY-22","05-AUG-22","0","0","0"
"4","35237","CS","899","DOCTORAL DISSERTATION","1","5","1","","","I","","N","ASYN","Y","HOURS ARR","","TBA","TBA","","JAYARATHNA,UKWATTA","IN","","1","3","ASYN","16-MAY-22","05-AUG-22","0","0","0"
"20","30209","CS","999","DOCTORAL GRADUATE CREDIT","1","20","0","","","E","","N","IND","Y","HOURS ARR","","TBA","TBA","","STAFF","","","0","2","ASYN","27-JUN-22","06-AUG-22","0","0","0"," "
